168774
168775
168777
168795
168796
168799
168801
168833
168834
168837
168844
168849
168851
168852
168854
168856
168861
168872
168873
168877
168884
168886
168888
168890
168891
168892
168894
168895
168909
168913
168916
168931
168932
168937
168938
168939
168942
168947
168948
168952
168954
168956
168958
168959
168965
168967
168970
168971
168979
168985
168986
168988
168991
168992
168996
169007
169008
169009
169010
169011
169012
169015
169018
169025
169037
169040
169041
169042
169043
169046
169048
169052
169059
169061
169063
169067
169068
169069
169078
169081
169086
169087
169100
169101
169107
169115
169119
169121
169124
169128
169129
169132
169168
169169
169278
169280
169281
169286
169289
169291
169293
169299
169300
169304
169309
169311
169321
169325
169338
169345
169346
169348
169352
169353
169360
169367
169372
169377
169379
169384
169410
169415
169416
169417
169418
169423
169424
169429
169438
169441
169450
169451
169462
169466
169467
169469
169471
169473
169474
169490
169491
169498
169499
169509
169512
169515
169526
169528
169529
169535
169536
169543
169544
169545
169549
169551
169563
169570
169572
169574
169590
169591
169592
169593
169594
169601
169606
169617
169619
169620
169622
169627
169629
169635
169637
169638
169640
169828
169856
169858
169862
169864
169867
169873
169877
169886
169889
169890
169892
169894
169897
169900
169902
169906
169908
169919
169929
169935
169938
169939
169942
169943
169945
169946
169952
169953
169958
169961
169962
169964
169965
169972
169974
169975
169977
169980
169989
169992
169993
169996
169999
170007
170013
170038
170041
170042
170047
170063
170065
170075
170086
170097
170104
170109
170110
170112
170114
170125
170126
170142
170144
170146
170148
170151
170152
170158
170160
170163
170164
170168
170170
170171
170172
170180
170181
170194
170198
170199
170203
170204
170211
170212
170214
170222
170238
170240
170242
170244
170245
170248
170249
170253
170257
170260
170264
170265
170276
170281
170284
170286
170288
170291
170296
170297
170299
170302
170307
170313
170314
170318
170325
170327
170331
170336
170337
170340
170349
170352
170355
170359
170362
170366
170367
170370
170371
170376
170377
170386
170387
170388
170390
170391
170393
170399
170403
170410
170417
170418
170419
170429
170430
170432
170433
170441
170444
170449
170453
170455
170456
170458
170461
170462
170465
170473
170478
170479
170485
170490
170491
170503
170505
170507
170509
170512
170536
170539
170540
170543
170544
170555
170556
170558
170561
170566
170578
170584
170589
170592
170608
170614
170615
170616
170618
170620
170623
170629
170633
170634
170637
170638
170640
170643
170646
170647
170648
170663
170670
170671
170672
170673
170692
170693
170698
170700
170701
170702
170703
170704
170705
170707
170714
170723
170724
170728
170753
170754
170761
170764
170767
170768
170772
170777
170779
170790
170791
170793
170794
170802
170803
170808
170812
170814
170815
170818
170819
170824
170829
170830
170831
170843
170844
170846
170855
170868
170875
170877
170879
170882
170896
171002
171003
171006
171022
171025
171028
171031
171042
171045
171074
171075
171085
171086
171091
171092
171094
171096
171101
171102
171104
171106
171114
171128
171129
171130
171132
171135
171140
171141
171147
171202
171203
171205
171209
171210
171216
171224
171225
171226
171230
171240
171248
171252
171256
171264
171265
171267
171269
171270
171274
171287
171290
171291
171295
171296
171300
171307
171309
171315
171316
171318
171319
171330
171334
171335
171338
171341
171342
171343
171351
171352
171353
171364
171365
171401
171408
171410
171411
171419
171429
171440
171441
171442
171444
171452
171454
171457
171459
171461
171465
171469
171470
171471
171475
171476
171477
171486
171491
171504
171508
171510
171511
171514
171519
171523
171530
171534
171539
171540
171546
171553
171561
171564
171565
171566
171567
171570
171572
171576
171578
171594
171595
171597
171603
171607
171616
171623
171624
171626
171628
171631
171635
171637
171640
171641
171644
171647
171653
171658
171663
171664
171665
171667
171668
171671
171674
171675
171677
171678
171679
171680
171685
171687
171691
171692
171699
171771
171917
171918
171924
171928
171932
171937
171939
171941
171942
171947
171956
171958
171961
171963
171971
171973
171976
171983
171985
171989
171990
172000
172004
172006
172008
172010
172011
172017
172024
172025
172027
172040
172041
172048
172051
172063
172064
172074
172075
172077
172081
172085
172090
172091
172092
172094
172096
172101
172105
172108
172114
172117
172121
172125
172133
172139
172142
172144
172154
172157
172163
172165
172166
172169
172173
172180
172182
172183
172186
172187
172192
172195
172201
172202
172205
172206
172208
172219
172220
172221
172222
172227
172228
172238
172239
172243
172248
172249
172251
172253
172255
172257
172258
172277
172278
172283
172292
172293
172295
172298
172300
172301
172302
172304
172305
172310
172311
172320
172322
172323
172330
172331
172332
172334
172335
172337
172341
172342
172344
172364
172368
172370
172375
172378
172380
172388
172393
172403
172404
172413
172426
172428
172429
172433
172436
172437
172438
172439
172442
172443
172444
172446
172447
172458
172460
172462
172465
172471
172473
172477
172486
172488
172489
172509
172516
172518
172525
172529
172532
172536
172538
172541
172542
172545
172548
172549
172554
172568
172576
172578
172955
172956
173016
173018
173033
173038
173041
173045
173046
173047
173049
173050
173098
173099
173101
173103
173111
173114
173117
173136
173139
173140
173142
173157
173158
173159
173161
173163
173165
173169
173172
173180
173182
173184
173187
173192
173196
173201
173204
173206
173211
173213
173214
173237
173241
173242
173244
173253
173265
173266
173271
173277
173279
173282
173283
173287
173290
173294
173310
173311
173314
173315
173320
173329
173330
173334
173335
173336
173341
173345
173349
173350
173357
173364
173366
173375
173379
173381
173389
173400
173409
173411
173417
173418
173422
173522
173534
173536
173547
173555
173573
173576
173579
173581
173582
173584
173587
173593
173604
173606
173611
173612
173619
173624
173627
173635
173637
173641
173643
173647
173648
173655
173656
173658
173660
173664
173665
173666
173668
173669
173671
173673
173677
173686
173698
173700
173706
173723
173726
173733
173736
173737
173740
173742
173748
173752
173765
173766
173770
173771
173773
173774
173780
173781
173788
173790
173792
173799
173807
173811
173815
173819
173821
173837
173838
173840
173848
173855
173857
173860
173868
173873
173881
173882
173885
173886
173887
173891
173892
173893
173895
173897
173920
173923
173927
173931
173937
173938
173942
173948
173954
173969
173971
173983
173987
173989
173990
174039
174041
174047
174051
174069
174072
174085
174087
174092
174095
174103
174104
174107
174111
174114
174118
174127
174128
174130
174133
174136
174137
174142
174144
174145
174146
174147
174149
174152
174153
174156
174164
174165
174166
174169
174171
174173
174188
174191
174195
174211
174212
174216
174220
174221
174232
174236
174239
174241
174242
174244
174245
174249
174252
174256
174257
174259
174261
174264
174265
174273
174280
174283
174286
174289
174290
174296
174297
174299
174314
174316
174317
174319
174325
174329
174339
174341
174410
174412
174413
174426
174428
174435
174442
174443
174451
174452
174458
174460
174472
174478
174479
174481
174484
174491
174497
174501
174503
174504
174505
174511
174516
174517
174526
174539
174545
174578
174579
174582
174587
174592
174593
174601
174605
174617
174621
174628
174629
174630
174633
174635
174637
174639
174640
174659
174661
174664
174665
174671
174672
174675
174681
174686
174687
174694
174695
174697
174698
174700
174701
174702
174704
174707
174708
174710
174711
174712
174718
174724
174736
174738
174741
174743
174744
174752
174758
174760
174764
174771
174775
174776
174787
174788
174792
174796
174797
174798
174799
174800
174802
174803
174827
174831
174833
174834
174835
174846
174848
174850
174858
174860
174865
174869
174872
174873
174883
174888
174892
174893
174898
174902
174904
174906
174918
174919
174921
174922
174924
174925
174929
174933
174934
174936
174937
174947
174949
174957
174958
174967
174972
174977
174980
174984
174993
174997
174998
174999
175001
175005
175007
175016
175024
175027
175043
175047
175048
175054
175056
175059
175091
175096
175099
175103
175106
175116
175117
175145
175146
175147
175150
175153
175154
175158
175160
175163
175170
175185
175190
175191
175192
175199
175204
175210
175214
175217
175223
175229
175234
175237
175240
175243
175252
175262
175267
175268
175270
175281
175285
175286
175287
175291
175294
175296
175307
175310
175312
175316
175318
175321
175328
175330
175332
175336
175338
175353
175354
175356
175362
175420
175422
175431
175435
175441
175442
175444
175446
175450
175451
175453
175466
175473
175474
175476
175480
175484
175491
175493
175504
175505
175506
175507
175516
175521
175526
175528
175530
175533
175542
175544
175551
175558
175560
175563
175564
175565
175568
175569
175587
175589
175592
175594
175605
175608
175622
175624
175629
175631
175632
175633
175638
175639
175644
175646
175647
175648
175670
175678
175680
175691
175703
175710
175722
175723
175725
175727
175728
175732
175733
175743
175762
175766
175767
175779
175780
175810
175812
175815
175817
175821
175823
175838
175839
175842
175845
175847
175853
175856
175859
175863
175867
175875
175879
175882
175884
175888
175897
175903
175904
175918
175930
175931
175932
175934
175943
175952
175954
175955
175963
175964
175972
175976
175977
175982
175995
175996
176001
176002
176003
176008
176013
176015
176016
176018
176019
176030
176038
176040
176042
176046
176047
176058
176059
176061
176066
176069
176070
176079
176080
176083
176085
176092
176095
176098
176100
176120
176132
176135
176137
176139
176141
176154
176159
176162
176163
176164
176165
176177
176190
176191
176197
176200
176204
176206
176217
176220
176224
176225
176227
176231
176235
176244
176245
176252
176256
176259
176265
176266
176270
176272
176274
176279
176280
176281
176303
176304
176306
176311
176312
176320
176323
176331
176332
176334
176335
176340
176344
176346
176347
176348
176368
176370
176373
176375
176376
176382
176385
176387
176392
176393
176406
176413
176415
176423
176428
176430
176431
176432
176441
176443
176445
176455
176460
176461
176464
176470
176476
176483
176484
176486
176489
176498
176499
176501
176502
176503
176506
176516
176520
176521
176523
176524
176529
176530
176534
176535
176546
176552
176672
176703
176704
176713
176715
176719
176724
176728
176730
176733
176734
176735
176736
176749
176753
176759
176761
176763
176765
176768
176769
176771
176776
176777
176783
176785
176791
176815
176826
176828
176829
176833
176846
176848
176853
176860
176862
176864
176865
176867
176870
176882
176886
176888
176890
176893
176894
176899
176904
176905
176908
176914
176916
176920
176923
176925
176929
176930
176935
176940
176945
176946
176952
176953
176959
176972
176979
176980
176983
176987
176992
176996
176998
177002
177004
177021
177030
177038
177040
177043
177046
177053
177058
178262
178276
178279
178280
178293
178306
178311
178316
178322
178324
178328
178356
178361
178364
178400
178439
178445
178448
178449
178452
178455
178483
178487
178490
178495
178507
178510
178512
178528
178530
178544
178552
178562
178563
178564
178568
178572
178581
178584
178585
178593
178600
178601
178608
178614
178627
178628
178642
178645
178649
178650
178651
178652
178655
178661
178662
178666
178668
178673
178677
178678
178702
178703
178708
178719
178727
178730
178732
178736
178738
178744
178772
178773
178774
178778
178783
178798
178801
178810
178811
178820
178824
178825
178831
178832
178835
178838
178839
178843
178868
178871
178872
178877
178890
178892
178896
178898
178900
178906
178908
178913
178916
178920
178921
178922
178926
178930
178931
178933
178937
178938
178939
178940
178945
178950
178951
178965
178976
178980
178984
178995
178997
178998
179000
179001
179006
179011
179021
179022
179024
179034
179038
179041
179044
179046
179048
179056
179064
179069
179070
179074
179075
179082
179087
179092
179108
179110
179115
179117
179118
179120
179121
179125
179132
179133
179135
179141
179142
179158
179165
179167
179170
179171
179175
179177
179187
179191
179193
179195
179200
179206
179209
179210
179215
179216
179221
179222
179223
179239
179240
179242
179243
179245
179247
179252
179254
179315
179329
179331
179332
179338
179348
179363
179365
179375
179384
179390
179396
179398
179399
179401
179411
179414
179419
179420
179425
179429
179440
179442
179448
179449
179455
179458
179468
179469
179471
179472
179477
179481
179497
179499
179503
179504
179512
179516
179517
179518
179521
179531
179532
179540
179546
179547
179548
179551
179553
179556
179557
179566
179567
179572
179577
179583
179590
179594
179599
179602
179608
179610
179615
179619
179620
179623
179631
179635
179636
179638
179641
179644
179653
179655
179658
179661
179665
179668
179670
179675
179677
179680
179681
179689
179706
179708
179709
179710
179711
179728
179742
179746
179752
179756
179759
179760
179763
179765
179767
179770
179775
179776
179779
179781
179790
179801
179806
179807
179809
179830
179836
179838
179845
179850
179852
179855
179857
179860
179865
179869
179870
179872
179875
179876
179877
179880
179886
179887
179892
179894
179899
179901
179902
179903
179906
179911
179912
179919
179920
179925
179926
179928
179929
179930
179938
179940
179941
179942
179945
179951
179954
179960
179961
179962
179966
179967
179971
179977
179978
179982
179983
179984
179985
179991
179993
180002
180009
180014
180016
180019
180084
180086
180094
180102
180103
180120
180122
180124
180126
180127
180148
180150
180154
180157
180159
180164
180174
180175
180176
180183
180184
180185
180187
180188
180196
180203
180204
180205
180206
180207
180212
180214
180221
180223
180224
180227
180239
180240
180243
180246
180248
180256
180258
180266
180281
180283
180286
180291
180293
180297
180303
180304
180311
180341
180344
180346
180347
180350
180355
180357
180358
180359
180363
180365
180370
180374
180379
180381
180383
180384
180386
180390
180393
180395
180397
180422
180431
180433
180445
180447
180457
180461
180462
180468
180472
180475
180481
180484
180485
180488
180501
180504
180511
180517
180520
180523
180524
180527
180529
180531
180533
180536
180541
180545
180546
180548
180579
180594
180599
180600
180601
180604
180614
180617
180619
180620
180626
180635
180636
180646
180647
180650
180652
180656
180659
180660
180672
180678
180680
180683
180689
180692
180695
180702
180703
180705
180710
180711
180714
180716
180717
180718
180719
180722
180723
180725
180726
180728
180729
180731
180732
180739
180741
180742
180743
180744
180745
180750
180755
180757
180759
180762
180768
180770
180777
180778
180779
180780
180782
180789
180793
180801
180803
180825
180840
180843
180844
180847
180849
180877
180878
180879
180880
180893
180896
180897
180899
180911
180912
180921
180922
181038
181044
181045
181050
181051
181975
182182
182183
182304
182305
182315
182331
182335
182346
182365
182370
182373
182379
182387
182395
182397
182398
182404
182411
182416
182417
182419
182426
182429
182437
182440
182445
182448
182462
182467
182468
182477
182479
182487
182491
182500
182504
182506
182507
182593
182594
182600
182603
182612
182613
182615
182616
182619
182623
182627
182630
182636
182640
182641
182647
182655
182666
182673
182674
182680
182681
182683
182697
182704
182709
182730
182738
182742
182743
182744
182749
182756
182766
182769
182778
182787
182793
182801
182808
182995
183002
183004
183006
183011
183013
183032
183033
183034
183037
183038
183039
183040
183043
183051
183054
183055
183057
183063
183064
183066
183067
183068
183077
183102
183114
183118
183121
183123
183128
183129
183134
183136
183138
183139
183145
183146
183147
183148
183151
183158
183161
183163
183172
183173
183175
183177
183178
183180
183183
183187
183194
183196
183200
183210
183213
183218
183223
183226
183228
183229
183231
183234
183239
183244
183247
183248
183250
183272
183277
183280
183281
183283
183285
183292
183294
183295
183297
183300
183312
183325
183326
183327
183329
183334
183338
183341
183347
183352
183353
183355
183362
183465
183467
183468
183471
183472
183474
183476
183486
183487
183488
183491
183497
183504
183505
183507
183508
183512
183515
183517
183518
183519
183528
183534
183538
183540
183549
183554
183555
183558
183560
183565
183570
183573
183574
183575
183577
183579
183580
183581
183584
183590
183593
183595
183599
183601
183715
183716
183723
183728
183730
183735
183739
183740
183741
183742
183746
183747
183749
183750
183751
183753
183754
183756
183760
183761
183764
183771
183773
183774
183895
183896
183899
183900
183911
183952
183953
183954
183960
183962
183973
183977
183981
183984
183985
183986
183989
183993
183996
184001
184007
184010
184017
184022
184028
184029
184031
184033
184040
184046
184050
184054
184060
184065
184066
184070
184071
184082
184084
184087
184091
184094
184106
184109
184114
184116
184123
184128
184129
184142
184144
184147
184149
184151
184167
184175
184179
184201
184207
184209
184218
184219
184223
184224
184229
184230
184231
184234
184247
184254
184261
184262
184265
184270
184271
184280
184287
184289
184294
184312
184315
184319
184320
184322
184323
184332
184334
184345
184349
184350
184352
184370
184372
184373
184377
184391
184392
184394
184396
184403
184404
184408
184411
184415
184416
184417
184427
184435
184436
184440
184443
184457
184459
184462
184470
184475
184480
184481
184482
184486
184488
184489
184495
184501
184504
184512
184516
184519
184529
184533
184543
184570
184574
184580
184585
184587
184608
184613
184614
184617
184618
184620
184624
184744
184752
184754
184775
184776
184778
184795
184797
184801
184805
184806
184808
184816
184817
184824
184826
184828
184830
184832
184833
184835
184836
184839
184840
184846
184852
184855
184858
184859
184864
184866
184874
184900
184907
184915
184917
184919
184923
184924
184925
184930
184938
184942
184946
184948
184949
184960
184961
184962
184967
184976
184983
184987
184993
185022
185026
185027
185034
185035
185037
185048
185059
185067
185071
185072
185077
185082
185085
185089
185095
185096
185098
185102
185105
185108
185110
185112
185117
185119
185124
185125
185129
185136
185138
185144
185147
185151
185153
185154
185155
185160
185163
185164
185166
185171
185183
185185
185186
185202
185206
185211
185213
185214
185230
185232
185234
185239
185240
185242
185247
185257
185260
185261
185275
185280
185284
185289
185292
185295
185297
185300
185301
185305
185307
185310
185313
185320
185322
185327
185328
185330
185343
185346
185357
185358
185360
185361
185363
185364
185367
185368
185372
185374
185375
185376
185377
185386
185388
185389
185391
185401
185404
185411
185412
185437
185438
185439
185440
185455
185457
185465
185477
185479
185480
185481
185492
185509
185513
185535
185536
185539
185541
185543
185544
185545
185548
185556
185563
185566
185574
185575
185578
185581
185583
185585
185599
185600
185601
185604
185760
185761
185762
185766
185767
185768
185775
185776
185778
185780
185782
185784
185791
185794
185798
185800
185803
185805
185810
185811
185816
185817
185825
185836
185842
185847
185861
185869
185870
185876
185879
185899
185905
185906
185907
185924
185937
185939
185940
185943
185945
185949
185952
185955
185966
185985
185993
185996
185997
186004
186005
186011
186015
186016
186021
186024
186027
186029
186030
186034
186035
186036
186046
186047
186048
186050
186053
186055
186056
186057
186062
186069
186073
186085
186088
186090
186097
186098
186109
186112
186114
186118
186120
186121
186125
186131
186150
186151
186155
186156
186157
186163
186165
186167
186179
186184
186187
186196
186197
186198
186200
186202
186203
186208
186210
186211
186224
186228
186229
186232
186233
186235
186237
186238
186250
186258
186260
186262
186264
186273
186280
186282
186288
186293
186380
186393
186415
186420
186431
186435
186436
186456
186464
186467
186469
186477
186487
186489
186491
186499
186500
186504
186507
186523
186528
186531
186532
186533
186535
186537
186538
186541
186543
186544
186550
186557
186559
186569
186570
186580
186582
186583
186596
186598
186601
186605
186609
186610
186612
186614
186617
186619
186620
186622
186624
186640
186643
186645
186652
186654
186657
186661
186667
186673
186692
186696
186698
186700
186703
186707
186721
186726
186727
186728
186735
186736
186738
186741
186743
186744
186753
186782
186791
186793
186796
186806
186819
186820
186821
186829
186830
186832
186833
186844
186845
186848
186849
186850
186852
186859
186864
186868
186872
186874
186876
186879
186885
186891
186895
186899
186901
186903
186907
186912
186916
186918
186922
186925
186930
186938
186939
186940
186942
186946
186947
186948
186949
186952
186954
186959
186961
186968
186970
186973
186986
186988
186998
187000
187005
187006
187015
187017
187025
187026
187029
187030
187035
187040
187041
187043
187044
187047
187054
187055
187064
187065
187070
187071
187076
187078
187088
187095
187104
187108
187110
187112
187117
187119
187131
187132
187138
187140
187141
187142
187148
187151
187152
187154
187170
187174
187178
187179
187181
187192
187201
187214
187216
187217
187222
187225
187229
187230
187249
187252
187253
187255
187256
187257
187258
187260
187264
187267
187271
187280
187283
187291
187298
187306
187310
187311
187314
187319
187325
187326
187327
187365
187369
187374
188374
188375
188377
188378
188717
188731
188734
188735
188737
188738
188742
188746
188747
188748
188757
188763
188766
188767
188772
188801
188808
188817
188818
188820
188824
188826
188828
188837
188839
188846
188861
188864
188865
188871
188872
188882
188883
188887
188897
188899
188910
188921
188927
188955
188964
188966
188969
188974
188976
188979
188983
188989
188991
188993
188994
188995
188996
188997
189002
189007
189009
189010
189012
189018
189022
189030
189049
189056
189060
189063
189064
189068
189074
189088
189090
189095
189099
189101
189103
189105
189106
189112
189136
189152
189159
189161
189162
189166
189169
189174
189176
189185
189191
189193
189199
189203
189207
189229
189231
189233
189235
189237
189239
189240
189244
189246
189249
189256
189258
189259
189260
189261
189266
189271
189275
189277
189288
189291
189300
189303
189312
189314
189329
189330
189332
189333
189339
189341
189346
189348
189352
189376
189377
189379
189380
189384
189392
189403
189404
189405
189411
189412
189420
189424
189426
189433
189436
189438
189439
189444
189449
189454
189460
189468
189471
189473
189488
189496
189501
189503
189504
189506
189507
189509
189511
189525
189530
189539
189540
189543
189544
189550
189551
189555
189559
189563
189566
189567
189568
189571
189573
189580
189585
189594
189595
189599
189601
189605
189609
189615
189617
189618
189621
189622
189627
189628
189629
189634
189635
189637
189639
189640
189645
189649
189653
189657
189668
189669
189670
189672
189675
189676
189679
189680
189682
189684
189685
189688
189692
189695
189698
189699
189700
189714
189716
189721
189725
189727
189728
189734
189735
189736
189740
189744
189795
189807
189831
189842
189866
189868
189870
189871
189877
189885
189891
189896
189910
189912
189914
189920
189921
189927
189938
189942
189943
189952
189954
189964
189966
189972
189976
189977
189987
189988
189990
189991
189999
190001
190005
190009
190015
190031
190035
190045
190049
190053
190055
190056
190063
190064
190068
190070
190071
190078
190081
190084
190088
190100
190102
190103
190104
190105
190107
190110
190116
190124
190127
190132
190139
190140
190144
190149
190159
190160
190164
190166
190171
190172
190177
190184
190198
190200
190207
190209
190210
190220
190223
190227
190228
190238
190252
190257
190263
190267
190268
190269
190270
190277
190282
190283
190285
190290
190305
190307
190316
190329
190333
190334
190336
190342
190350
190369
190371
190372
190382
190386
190388
190389
190391
190395
190399
190400
190402
190406
190407
190413
190415
190423
190425
190426
190436
190449
190454
190457
190468
190471
190473
190481
190487
190489
190496
190499
190506
190510
190514
190515
190519
190523
190527
190531
190537
190546
190551
190559
190560
190561
190563
190565
190569
190587
190589
190595
190596
190599
190602
190603
190604
190606
190607
190608
190610
190622
190623
190628
190634
190644
190646
190647
190652
190653
190665
190670
190674
190676
190679
190680
190693
190706
190711
190712
190713
190715
190719
190721
190725
190726
190734
190737
190748
190756
190780
190781
190783
190784
190786
190789
190790
190811
190816
190821
190824
190825
190831
190832
190836
190838
190844
190846
190848
190854
190857
190858
190860
190867
190876
190882
190883
190893
190896
190897
190899
190908
190914
190918
190920
190935
190938
190941
190942
190943
190946
190948
190949
190957
190958
190960
190961
190964
190966
190970
190972
190973
190977
190978
190979
190985
190986
190996
190997
191001
191002
191003
191007
191012
191020
191026
191027
191038
191047
191049
191050
191061
191063
191066
191133
191143
191148
191150
191151
191153
191154
191155
191160
191163
191165
191166
191172
191180
191182
191185
191188
191189
191193
191194
191195
191200
191202
191203
191215
191220
191221
191222
191229
191231
191236
191238
191249
191261
191262
191318
191321
191327
191328
191329
191331
191337
191340
191341
191366
191376
191384
191388
191391
191397
191400
191426
191444
191446
191447
191448
191449
191456
191461
191464
191466
191473
191474
191476
191498
191501
191503
191504
191512
191513
191515
191517
191521
191525
191526
191527
191530
191531
191535
191536
191539
191549
191559
191561
191569
191570
191571
191573
191574
191577
191579
191583
191584
191587
191588
191589
191591
191595
191597
191612
191620
191622
191626
191634
191643
191644
191650
191653
191654
191657
191661
191662
191670
191671
191683
191686
191722
191727
191736
191737
191738
191739
191742
191745
191752
191761
191764
191766
191777
191778
191788
191793
191795
191800
191810
191812
191815
191816
191817
191826
191827
191831
191835
191840
191862
191863
191865
191868
191869
191870
191873
191874
191878
191879
191882
191884
191887
191889
191890
191892
191895
191900
191916
191920
191922
191947
191949
191953
191962
191967
191971
191972
191975
191981
191985
191990
191996
192006
192014
192017
192019
192024
192025
192027
192032
192037
192038
192039
192041
192057
192063
192066
192071
192072
192077
192083
192085
192086
192095
192098
192106
192111
192113
192122
192123
192124
192127
192133
192134
192135
192136
192141
192144
192145
192149
192150
192151
192153
192157
192164
192165
192166
192168
192175
192177
192191
192197
192199
192200
192201
192204
192211
192212
192220
192225
192233
192237
192240
192243
192248
192254
192256
192257
192268
192275
192279
192280
192284
192289
192293
192295
192296
192302
192305
192307
192308
192310
192311
192317
192321
192324
192334
192335
192336
192338
192344
192349
192350
192355
192362
192365
192386
192388
192389
192390
192395
192399
192401
192403
192407
192413
192417
192429
192444
192452
192454
192470
192472
192479
192584
192667
192668
192670
192672
192677
192678
192688
192692
192703
192708
192711
192716
192718
192721
192722
192725
192727
192735
192737
192738
192740
192741
192742
192749
192761
192765
192769
192773
192774
192783
192788
192792
192821
192822
192834
192843
192846
192847
192850
192853
192858
192860
192861
192866
192867
192868
192869
192872
192875
192881
192882
192891
192896
192898
192901
192902
192905
192912
192914
192921
192922
192930
192931
192934
192937
192943
192956
192960
192963
192969
192974
192976
192979
192981
192984
192994
192996
193007
193009
193016
193017
193020
193021
193022
193025
193029
193030
193031
193032
193037
193042
193053
193070
193074
193078
193080
193083
193086
193088
193094
193096
193100
193101
193103
193106
193108
193109
193112
193114
193117
193119
193121
193122
193124
193131
193134
193136
193145
193148
193150
193151
193153
193154
193156
193157
193165
193174
193184
193188
193189
193191
193193
193194
193196
193198
193200
193201
193202
193206
193207
193209
193211
193212
193232
193235
193238
193244
193245
193254
193256
193273
193276
193279
193280
193284
193285
193289
193290
193291
193298
193310
193312
193313
193315
193317
193329
193336
193346
193347
193350
193353
193356
193359
193362
193364
193365
193366
193367
193368
193369
193371
